  0,65535.00
  1, 3936.82
  2, 3930.15
  3, 3923.47
  4, 3916.79
  5, 3910.11
  6, 3903.44
  7, 3896.76
  8, 3890.08
  9, 3883.41
 10, 3876.73
 11, 3870.06
 12, 3863.39
 13, 3856.71
 14, 3850.04
 15, 3843.36
 16, 3836.69
 17, 3830.02
 18, 3823.35
 19, 3816.67
 20, 3810.00
 21, 3803.33
 22, 3796.66
 23, 3789.99
 24, 3783.32
 25, 3776.65
 26, 3769.98
 27, 3763.31
 28, 3756.65
 29, 3749.98
 30, 3743.31
 31, 3736.64
 32, 3729.98
 33, 3723.31
 34, 3716.64
 35, 3709.98
 36, 3703.31
 37, 3696.65
 38, 3689.98
 39, 3683.32
 40, 3676.65
 41, 3669.99
 42, 3663.33
 43, 3656.67
 44, 3650.00
 45, 3643.34
 46, 3636.68
 47, 3630.02
 48, 3623.36
 49, 3616.70
 50, 3610.04
 51, 3603.38
 52, 3596.72
 53, 3590.06
 54, 3583.40
 55, 3576.74
 56, 3570.08
 57, 3563.43
 58, 3556.77
 59, 3550.11
 60, 3543.46
 61, 3536.80
 62, 3530.15
 63, 3523.49
 64, 3516.84
 65, 3510.18
 66, 3503.53
 67, 3496.87
 68, 3490.22
 69, 3483.57
 70, 3476.92
 71, 3470.26
 72, 3463.61
 73, 3456.96
 74, 3450.31
 75, 3443.66
 76, 3437.01
 77, 3430.36
 78, 3423.71
 79, 3417.06
 80, 3410.41
 81, 3403.76
 82, 3397.12
 83, 3390.47
 84, 3383.82
 85, 3377.17
 86, 3370.53
 87, 3363.88
 88, 3357.24
 89, 3350.59
 90, 3343.95
 91, 3337.30
 92, 3330.66
 93, 3324.01
 94, 3317.37
 95, 3310.73
 96, 3304.08
 97, 3297.44
 98, 3290.80
 99, 3284.16
100, 3277.52
101, 3270.88
102, 3264.24
103, 3257.60
104, 3250.96
105, 3244.32
106, 3237.68
107, 3231.04
108, 3224.40
109, 3217.76
110, 3211.13
111, 3204.49
112, 3197.85
113, 3191.22
114, 3184.58
115, 3177.95
116, 3171.31
117, 3164.68
118, 3158.04
119, 3151.41
120, 3144.78
121, 3138.14
122, 3131.51
123, 3124.88
124, 3118.25
125, 3111.61
126, 3104.98
127, 3098.35
128, 3091.72
129, 3085.09
130, 3078.46
131, 3071.83
132, 3065.20
133, 3058.57
134, 3051.95
135, 3045.32
136, 3038.69
137, 3032.06
138, 3025.44
139, 3018.81
140, 3012.18
141, 3005.56
142, 2998.93
143, 2992.31
144, 2985.68
145, 2979.06
146, 2972.44
147, 2965.81
148, 2959.19
149, 2952.57
150, 2945.95
151, 2939.32
152, 2932.70
153, 2926.08
154, 2919.46
155, 2912.84
156, 2906.22
157, 2899.60
158, 2892.98
159, 2886.36
160, 2879.75
161, 2873.13
162, 2866.51
163, 2859.89
164, 2853.28
165, 2846.66
166, 2840.04
167, 2833.43
168, 2826.81
169, 2820.20
170, 2813.58
171, 2806.97
172, 2800.35
173, 2793.74
174, 2787.13
175, 2780.52
176, 2773.90
177, 2767.29
178, 2760.68
179,65535.00
180,65535.00
181,65535.00
182,65535.00
183,65535.00
184,65535.00
185,65535.00
186,65535.00
187, 2701.19
188, 2694.58
189, 2687.98
190, 2681.37
191, 2674.76
192, 2668.16
193, 2661.55
194, 2654.95
195, 2648.34
196, 2641.74
197, 2635.13
198, 2628.53
199, 2621.92
200, 2615.32
201, 2608.72
202, 2602.12
203, 2595.51
204, 2588.91
205, 2582.31
206, 2575.71
207, 2569.11
208, 2562.51
209, 2555.91
210, 2549.31
211, 2542.71
212, 2536.11
213, 2529.51
214, 2522.92
215, 2516.32
216, 2509.72
217, 2503.12
218, 2496.53
219, 2489.90
220, 2483.28
221, 2476.66
222, 2470.03
223, 2463.41
224, 2456.79
225, 2450.17
226, 2443.54
227, 2436.92
228, 2430.30
229, 2423.68
230, 2417.06
231, 2410.44
232, 2403.82
233, 2397.20
234, 2390.58
235, 2383.96
236, 2377.34
237, 2370.72
238, 2364.11
239, 2357.49
240, 2350.87
241, 2344.26
242, 2337.64
243, 2331.02
244, 2324.41
245, 2317.79
246, 2311.18
247, 2304.56
248, 2297.95
249, 2291.33
250, 2284.72
251, 2278.10
252, 2271.49
253, 2264.88
254, 2258.27
255, 2251.65
256, 2245.04
257, 2238.43
258, 2231.82
259, 2225.21
260, 2218.60
261, 2211.99
262, 2205.38
263, 2198.77
264, 2192.16
265, 2185.55
266, 2178.94
267, 2172.33
268, 2165.72
269, 2159.12
270, 2152.51
271, 2145.90
272, 2139.30
273, 2132.69
274, 2126.08
275, 2119.48
276, 2112.87
277, 2106.27
278, 2099.66
279, 2093.06
280, 2086.45
281, 2079.85
282, 2073.25
283, 2066.64
284, 2060.04
285, 2053.44
286, 2046.84
287, 2040.24
288, 2033.63
289, 2027.03
290, 2020.43
291, 2013.83
292, 2007.23
293, 2000.63
294, 1994.03
295, 1987.43
296, 1980.84
297, 1974.24
298, 1967.64
299, 1961.04
300, 1954.44
301, 1947.85
302, 1941.25
303, 1934.65
304, 1928.06
305, 1921.46
306, 1914.87
307, 1908.27
308, 1901.68
309, 1895.08
310, 1888.49
311, 1881.90
312, 1875.30
313, 1868.71
314, 1862.12
315, 1855.52
316, 1848.93
317, 1842.34
318, 1835.75
319, 1829.16
320, 1822.57
321, 1815.98
322, 1809.39
323, 1802.80
324, 1796.21
325, 1789.62
326, 1783.03
327, 1776.44
328, 1769.85
329, 1763.27
330, 1756.68
331, 1750.09
332, 1743.51
333, 1736.92
334, 1730.33
335, 1723.75
336, 1717.16
337, 1710.58
338, 1703.99
339, 1697.41
340, 1690.82
341, 1684.24
342, 1677.66
343, 1671.07
344, 1664.49
345, 1657.91
346, 1651.33
347, 1644.74
348, 1638.16
349, 1631.58
350, 1625.00
351, 1618.42
352, 1611.84
353, 1605.26
354, 1598.68
355, 1592.10
356, 1585.52
357, 1578.95
358, 1572.37
359, 1565.79
360, 1559.21
361, 1552.64
362, 1546.06
363, 1539.48
364, 1532.91
365, 1526.33
366, 1519.76
367, 1513.18
368, 1506.61
369, 1500.03
370, 1493.46
371, 1486.88
372, 1480.31
373, 1473.74
374, 1467.16
375, 1460.59
376, 1454.02
377, 1447.45
378, 1440.88
379, 1434.31
380, 1427.73
381, 1421.16
382, 1414.59
383, 1408.02
384, 1401.45
385, 1394.89
386, 1388.32
387, 1381.75
388, 1375.18
389, 1368.61
390, 1362.05
391, 1355.48
392, 1348.91
393, 1342.34
394, 1335.78
395, 1329.21
396, 1322.65
397, 1316.08
398, 1309.52
399, 1302.95
400, 1296.39
401, 1289.83
402, 1283.26
403, 1276.70
404, 1270.14
405, 1263.57
406, 1257.01
407, 1250.45
408, 1243.89
409, 1237.33
410, 1230.77
411, 1224.21
412, 1217.65
413, 1211.09
414, 1204.53
415, 1197.97
416, 1191.41
417, 1184.85
418, 1178.29
419, 1171.73
420, 1165.18
421, 1158.62
422, 1152.06
423, 1145.51
424, 1138.95
425, 1132.39
426, 1125.84
427, 1119.28
428, 1112.73
429, 1106.17
430, 1099.62
431, 1093.07
432, 1086.51
433, 1079.96
434, 1073.41
435, 1066.85
436, 1060.30
437, 1053.75
438, 1047.20
439, 1040.65
440, 1034.10
441, 1027.55
442, 1021.00
443, 1014.45
444, 1007.90
445, 1001.35
446,65535.00
447,65535.00
448,65535.00
449,65535.00
450,65535.00
451,65535.00
452,65535.00
453,65535.00
454,65535.00
455,65535.00
456,65535.00
457,65535.00
458,65535.00
459,65535.00
460,65535.00
461,65535.00
462,65535.00
463,65535.00
464,65535.00
465,65535.00
466,65535.00
467,65535.00
468,65535.00
469,65535.00
470,65535.00
471,65535.00
472,65535.00
473,65535.00
474,65535.00
475,65535.00
476,65535.00
477,65535.00
478,65535.00
479,65535.00
